{
 "cells": [
  {
   "cell_type": "code",
   "execution_count": 1,
   "id": "aa0f64bf-f1b0-4351-95f3-fe1ea713fe4f",
   "metadata": {},
   "outputs": [],
   "source": [
    "import numpy as np\n",
    "import pandas as pd"
   ]
  },
  {
   "cell_type": "code",
   "execution_count": 2,
   "id": "3e75fec1-fcb0-4573-94aa-b2f6201c3ec0",
   "metadata": {},
   "outputs": [],
   "source": [
    "def sym(A: np.ndarray) -> np.ndarray:\n",
    "    return (A + A.T) / 2.0\n",
    "\n",
    "def proj_psd(A: np.ndarray, eps: float = 1e-12) -> np.ndarray:\n",
    "    A = sym(A)\n",
    "    w, V = np.linalg.eigh(A)\n",
    "    w = np.maximum(w, eps)\n",
    "    return sym(V @ np.diag(w) @ V.T)\n",
    "\n",
    "def cov_to_corr(S: np.ndarray):\n",
    "    S = sym(S)\n",
    "    d = np.sqrt(np.clip(np.diag(S), 0.0, None))\n",
    "    invd = np.where(d > 0, 1.0 / d, 0.0)\n",
    "    C = (S * invd).T * invd\n",
    "    np.fill_diagonal(C, 1.0)\n",
    "    return sym(C), d\n",
    "\n",
    "def corr_to_cov(C: np.ndarray, d: np.ndarray) -> np.ndarray:\n",
    "    C = sym(C)\n",
    "    return sym((C * d).T * d)\n",
    "\n",
    "def ensure_psd_numerical(S: np.ndarray, eps: float = 1e-12) -> np.ndarray:\n",
    "    S = sym(S)\n",
    "    mineig = np.min(np.linalg.eigvalsh(S))\n",
    "    if mineig < -1e-10:  # only if meaningfully negative\n",
    "        S = S + (-mineig + eps) * np.eye(S.shape[0])\n",
    "    return sym(S)"
   ]
  },
  {
   "cell_type": "code",
   "execution_count": 3,
   "id": "e45779c7-7ec5-4d2b-b246-4f6c7981e61b",
   "metadata": {},
   "outputs": [],
   "source": [
    "def near_psd_correlation(C: np.ndarray, eps: float = 1e-12) -> np.ndarray:\n",
    "    B = proj_psd(C, eps=eps)\n",
    "    d = np.sqrt(np.clip(np.diag(B), 0.0, None))\n",
    "    invd = np.where(d > 0, 1.0 / d, 0.0)\n",
    "    B = (B * invd).T * invd\n",
    "    np.fill_diagonal(B, 1.0)\n",
    "    return sym(B)\n",
    "\n",
    "def near_psd_covariance(S: np.ndarray, eps: float = 1e-12) -> np.ndarray:\n",
    "    C, d = cov_to_corr(S)\n",
    "    C_psd = near_psd_correlation(C, eps=eps)\n",
    "    S_psd = corr_to_cov(C_psd, d)\n",
    "    return ensure_psd_numerical(S_psd, eps=eps)"
   ]
  },
  {
   "cell_type": "code",
   "execution_count": 4,
   "id": "b5420aa2-e979-40ab-bf08-b503bb62fb66",
   "metadata": {},
   "outputs": [],
   "source": [
    "def higham_nearest_correlation(C: np.ndarray, tol: float = 1e-10, max_iter: int = 200, eps: float = 1e-12) -> np.ndarray:\n",
    "    Y = sym(C)\n",
    "    delta = np.zeros_like(Y)\n",
    "\n",
    "    for _ in range(max_iter):\n",
    "        R = Y - delta\n",
    "        X = proj_psd(R, eps=eps)\n",
    "        delta = X - R\n",
    "\n",
    "        Y_new = X.copy()\n",
    "        np.fill_diagonal(Y_new, 1.0)\n",
    "        Y_new = sym(Y_new)\n",
    "\n",
    "        rel = np.linalg.norm(Y_new - Y, ord=\"fro\") / max(1.0, np.linalg.norm(Y, ord=\"fro\"))\n",
    "        Y = Y_new\n",
    "        if rel < tol:\n",
    "            break\n",
    "\n",
    "    return sym(Y)\n",
    "\n",
    "def higham_covariance(S: np.ndarray, tol: float = 1e-10, max_iter: int = 200, eps: float = 1e-12) -> np.ndarray:\n",
    "    C, d = cov_to_corr(S)\n",
    "    C_higham = higham_nearest_correlation(C, tol=tol, max_iter=max_iter, eps=eps)\n",
    "    S_higham = corr_to_cov(C_higham, d)\n",
    "    return ensure_psd_numerical(S_higham, eps=eps)"
   ]
  },
  {
   "cell_type": "code",
   "execution_count": 5,
   "id": "505405ce-b306-4919-b8ce-f97b1001306a",
   "metadata": {},
   "outputs": [],
   "source": [
    "def read_matrix_csv(path: str) -> pd.DataFrame:\n",
    "    df = pd.read_csv(path)\n",
    "    df.index = df.columns\n",
    "    return df"
   ]
  },
  {
   "cell_type": "code",
   "execution_count": 6,
   "id": "1093ed51-8800-43b7-8925-0d4f95fda02c",
   "metadata": {},
   "outputs": [],
   "source": [
    "cov_in = \"testout_1.3.csv\"\n",
    "corr_in = \"testout_1.4.csv\"\n",
    "\n",
    "S_df = read_matrix_csv(cov_in)\n",
    "C_df = read_matrix_csv(corr_in)\n",
    "\n",
    "S = S_df.to_numpy(float)\n",
    "C = C_df.to_numpy(float)"
   ]
  },
  {
   "cell_type": "code",
   "execution_count": 7,
   "id": "51bc6188-9dc4-4373-9672-32958197c6f9",
   "metadata": {},
   "outputs": [
    {
     "name": "stdout",
     "output_type": "stream",
     "text": [
      "Task 3.1 - out_31:\n",
      "           x1        x2        x3        x4        x5\n",
      "x1  1.173986 -0.617989 -0.284559 -0.065152 -0.688287\n",
      "x2 -0.617989  1.318197  0.017092  0.445696  0.139176\n",
      "x3 -0.284559  0.017092  0.918102  0.354147  0.246056\n",
      "x4 -0.065152  0.445696  0.354147  0.894764 -0.218717\n",
      "x5 -0.688287  0.139176  0.246056 -0.218717  0.522607\n"
     ]
    }
   ],
   "source": [
    "S_31 = near_psd_covariance(S)\n",
    "out_31 = pd.DataFrame(S_31, columns=S_df.columns, index=S_df.columns)\n",
    "print(\"Task 3.1 - out_31:\\n\", out_31)"
   ]
  },
  {
   "cell_type": "code",
   "execution_count": 8,
   "id": "bd62dfcc-4247-4d5c-b0fd-6bb2c2f50cbe",
   "metadata": {},
   "outputs": [
    {
     "name": "stdout",
     "output_type": "stream",
     "text": [
      "Task 3.2 - out_32:\n",
      "           x1        x2        x3        x4        x5\n",
      "x1  1.000000 -0.483199 -0.241787 -0.067767 -0.714761\n",
      "x2 -0.483199  1.000000  0.015446  0.405660  0.178286\n",
      "x3 -0.241787  0.015446  1.000000  0.488250  0.336248\n",
      "x4 -0.067767  0.405660  0.488250  1.000000 -0.322136\n",
      "x5 -0.714761  0.178286  0.336248 -0.322136  1.000000\n"
     ]
    }
   ],
   "source": [
    "C_32 = near_psd_correlation(C)\n",
    "out_32 = pd.DataFrame(C_32, columns=C_df.columns, index=C_df.columns)\n",
    "print(\"Task 3.2 - out_32:\\n\", out_32)"
   ]
  },
  {
   "cell_type": "code",
   "execution_count": 9,
   "id": "2b69ba2c-f23d-4029-844d-4864fb8871b9",
   "metadata": {},
   "outputs": [
    {
     "name": "stdout",
     "output_type": "stream",
     "text": [
      "Task 3.3 - out_33:\n",
      "           x1        x2        x3        x4        x5\n",
      "x1  1.173986 -0.623870 -0.294335 -0.057677 -0.693888\n",
      "x2 -0.623870  1.318197  0.016449  0.448579  0.143703\n",
      "x3 -0.294335  0.016449  0.918102  0.354067  0.246866\n",
      "x4 -0.057677  0.448579  0.354067  0.894764 -0.217062\n",
      "x5 -0.693888  0.143703  0.246866 -0.217062  0.522607\n"
     ]
    }
   ],
   "source": [
    "S_33 = higham_covariance(S)\n",
    "out_33 = pd.DataFrame(S_33, columns=S_df.columns, index=S_df.columns)\n",
    "print(\"Task 3.3 - out_33:\\n\", out_33)"
   ]
  },
  {
   "cell_type": "code",
   "execution_count": 10,
   "id": "687bb83b-7343-4470-87a2-92d209239e71",
   "metadata": {},
   "outputs": [
    {
     "name": "stdout",
     "output_type": "stream",
     "text": [
      "Task 3.4 - out_34:\n",
      "           x1        x2        x3        x4        x5\n",
      "x1  1.000000 -0.483199 -0.241787 -0.067767 -0.714761\n",
      "x2 -0.483199  1.000000  0.015446  0.405660  0.178286\n",
      "x3 -0.241787  0.015446  1.000000  0.488250  0.336248\n",
      "x4 -0.067767  0.405660  0.488250  1.000000 -0.322136\n",
      "x5 -0.714761  0.178286  0.336248 -0.322136  1.000000\n"
     ]
    }
   ],
   "source": [
    "C_34 = higham_nearest_correlation(C)\n",
    "out_34 = pd.DataFrame(C_34, columns=C_df.columns, index=C_df.columns)\n",
    "print(\"Task 3.4 - out_34:\\n\", out_34)"
   ]
  }
 ],
 "metadata": {
  "kernelspec": {
   "display_name": "Python 3 (ipykernel)",
   "language": "python",
   "name": "python3"
  },
  "language_info": {
   "codemirror_mode": {
    "name": "ipython",
    "version": 3
   },
   "file_extension": ".py",
   "mimetype": "text/x-python",
   "name": "python",
   "nbconvert_exporter": "python",
   "pygments_lexer": "ipython3",
   "version": "3.13.11"
  }
 },
 "nbformat": 4,
 "nbformat_minor": 5
}
