{
 "cells": [
  {
   "cell_type": "code",
   "execution_count": 1,
   "id": "e445e240-7d86-4ad1-9099-ed67fd5aab91",
   "metadata": {},
   "outputs": [],
   "source": [
    "import numpy as np\n",
    "import pandas as pd\n",
    "\n",
    "np.random.seed(4)\n",
    "n_sims = 100000"
   ]
  },
  {
   "cell_type": "code",
   "execution_count": 2,
   "id": "f9c906b9-4976-45b2-a1b9-b373c8c3ee98",
   "metadata": {},
   "outputs": [
    {
     "name": "stdout",
     "output_type": "stream",
     "text": [
      "Task 5.1 - PD_input:\n",
      "           x1        x2        x3        x4        x5\n",
      "x1  0.084923  0.087932  0.042489  0.009017  0.003885\n",
      "x2  0.087932  0.161030  0.058613  0.012436  0.005351\n",
      "x3  0.042489  0.058613  0.037605  0.006014  0.002590\n",
      "x4  0.009017  0.012436  0.006014  0.001697  0.000549\n",
      "x5  0.003885  0.005351  0.002590  0.000549  0.000315\n"
     ]
    }
   ],
   "source": [
    "cov_input = pd.read_csv(\"test5_1.csv\")\n",
    "\n",
    "Sigma = cov_input.values\n",
    "n_assets = Sigma.shape[0]\n",
    "mu = np.zeros(n_assets)\n",
    "\n",
    "simulated = np.random.multivariate_normal(\n",
    "    mean=mu,\n",
    "    cov=Sigma,\n",
    "    size=n_sims\n",
    ")\n",
    "\n",
    "cols = cov_input.columns\n",
    "sim_df = pd.DataFrame(simulated, columns=cols)\n",
    "\n",
    "cov_output = sim_df.cov()\n",
    "\n",
    "print(\"Task 5.1 - PD_input:\\n\", cov_output)"
   ]
  },
  {
   "cell_type": "code",
   "execution_count": 3,
   "id": "7669f1d4-7e67-4f0a-b5e4-f7d337ceece7",
   "metadata": {},
   "outputs": [
    {
     "name": "stdout",
     "output_type": "stream",
     "text": [
      "Task 5.2 - PSD_input:\n",
      "           x1        x2        x3        x4        x5\n",
      "x1  0.084983  0.116787  0.042289  0.008973  0.003871\n",
      "x2  0.116787  0.160492  0.058115  0.012332  0.005320\n",
      "x3  0.042289  0.058115  0.037477  0.005955  0.002568\n",
      "x4  0.008973  0.012332  0.005955  0.001687  0.000545\n",
      "x5  0.003871  0.005320  0.002568  0.000545  0.000313\n"
     ]
    }
   ],
   "source": [
    "cov_input = pd.read_csv(\"test5_2.csv\")\n",
    "\n",
    "Sigma = cov_input.values\n",
    "n_assets = Sigma.shape[0]\n",
    "mu = np.zeros(n_assets)\n",
    "\n",
    "simulated = np.random.multivariate_normal(\n",
    "    mean=mu,\n",
    "    cov=Sigma,\n",
    "    size=n_sims\n",
    ")\n",
    "\n",
    "cols = cov_input.columns\n",
    "sim_df = pd.DataFrame(simulated, columns=cols)\n",
    "\n",
    "cov_output = sim_df.cov()\n",
    "\n",
    "print(\"Task 5.2 - PSD_input:\\n\", cov_output)"
   ]
  },
  {
   "cell_type": "code",
   "execution_count": 4,
   "id": "1224873e-dfee-4d9b-bd9d-1a9c8cd4e042",
   "metadata": {},
   "outputs": [],
   "source": [
    "def near_psd(Sigma, eps=0.0):\n",
    "    Sigma = np.asarray(Sigma, dtype=float)\n",
    "    Sigma = 0.5 * (Sigma + Sigma.T)\n",
    "\n",
    "    w, V = np.linalg.eigh(Sigma)\n",
    "    w = np.clip(w, eps, None)\n",
    "    Sigma_psd = V @ np.diag(w) @ V.T\n",
    "    Sigma_psd = 0.5 * (Sigma_psd + Sigma_psd.T)\n",
    "\n",
    "    return Sigma_psd"
   ]
  },
  {
   "cell_type": "code",
   "execution_count": 5,
   "id": "1be62639-a1ce-491d-9737-3a520dfff859",
   "metadata": {},
   "outputs": [
    {
     "name": "stdout",
     "output_type": "stream",
     "text": [
      "Task 5.3 - nonPSD_input_near_psd_fix:\n",
      "           x1        x2        x3        x4        x5\n",
      "x1  0.085666  0.000374  0.040813  0.008185  0.003493\n",
      "x2  0.000374  0.160725  0.056926  0.011762  0.005039\n",
      "x3  0.040813  0.056926  0.039873  0.007449  0.003245\n",
      "x4  0.008185  0.011762  0.007449  0.002548  0.000942\n",
      "x5  0.003493  0.005039  0.003245  0.000942  0.000497\n"
     ]
    }
   ],
   "source": [
    "cov_input = pd.read_csv(\"test5_3.csv\")\n",
    "\n",
    "Sigma = cov_input.values\n",
    "Sigma_psd = near_psd(Sigma, eps=0.0)\n",
    "n_assets = Sigma_psd.shape[0]\n",
    "mu = np.zeros(n_assets)\n",
    "\n",
    "simulated = np.random.multivariate_normal(\n",
    "    mean=mu,\n",
    "    cov=Sigma_psd,\n",
    "    size=n_sims\n",
    ")\n",
    "\n",
    "cols = cov_input.columns\n",
    "sim_df = pd.DataFrame(simulated, columns=cols)\n",
    "\n",
    "cov_output = sim_df.cov()\n",
    "print(\"Task 5.3 - nonPSD_input_near_psd_fix:\\n\", cov_output)"
   ]
  },
  {
   "cell_type": "code",
   "execution_count": 6,
   "id": "f7b6ea1d-a2e9-4810-920e-164c3db37795",
   "metadata": {},
   "outputs": [],
   "source": [
    "def higham_psd(Sigma, max_iter=100, tol=1e-10):\n",
    "    A0 = np.asarray(Sigma, dtype=float)\n",
    "    A0 = 0.5 * (A0 + A0.T)\n",
    "    diag0 = np.diag(A0).copy()\n",
    "\n",
    "    Y = A0.copy()\n",
    "    deltaS = np.zeros_like(A0)\n",
    "\n",
    "    for _ in range(max_iter):\n",
    "        R = Y - deltaS\n",
    "        w, V = np.linalg.eigh(R)\n",
    "        w = np.clip(w, 0.0, None)\n",
    "        X = V @ np.diag(w) @ V.T\n",
    "        X = 0.5 * (X + X.T)\n",
    "\n",
    "        deltaS = X - R\n",
    "\n",
    "        Y_new = X.copy()\n",
    "        np.fill_diagonal(Y_new, diag0)\n",
    "        Y_new = 0.5 * (Y_new + Y_new.T)\n",
    "\n",
    "        if np.linalg.norm(Y_new - Y, ord=\"fro\") <= tol * max(1.0, np.linalg.norm(Y, ord=\"fro\")):\n",
    "            Y = Y_new\n",
    "            break\n",
    "\n",
    "        Y = Y_new\n",
    "\n",
    "    w, V = np.linalg.eigh(Y)\n",
    "    w = np.clip(w, 0.0, None)\n",
    "    Y = V @ np.diag(w) @ V.T\n",
    "    Y = 0.5 * (Y + Y.T)\n",
    "\n",
    "    np.fill_diagonal(Y, diag0)\n",
    "    Y = 0.5 * (Y + Y.T)\n",
    "    return Y"
   ]
  },
  {
   "cell_type": "code",
   "execution_count": 7,
   "id": "ec120aaf-4d81-46d3-84ff-c135c28f2ce4",
   "metadata": {},
   "outputs": [
    {
     "name": "stdout",
     "output_type": "stream",
     "text": [
      "Task 5.4 - PSD_input_higham_fix:\n",
      "           x1        x2        x3        x4        x5\n",
      "x1  0.085070  0.001554  0.039609  0.008150  0.003516\n",
      "x2  0.001554  0.160274  0.056100  0.011707  0.005051\n",
      "x3  0.039609  0.056100  0.037589  0.007761  0.003348\n",
      "x4  0.008150  0.011707  0.007761  0.001693  0.000730\n",
      "x5  0.003516  0.005051  0.003348  0.000730  0.000315\n"
     ]
    }
   ],
   "source": [
    "cov_input = pd.read_csv(\"test5_3.csv\")\n",
    "\n",
    "Sigma = cov_input.values\n",
    "Sigma_higham = higham_psd(Sigma)\n",
    "n_assets = Sigma_higham.shape[0]\n",
    "mu = np.zeros(n_assets)\n",
    "\n",
    "simulated = np.random.multivariate_normal(\n",
    "    mean=mu,\n",
    "    cov=Sigma_higham,\n",
    "    size=n_sims\n",
    ")\n",
    "\n",
    "cols = cov_input.columns\n",
    "sim_df = pd.DataFrame(simulated, columns=cols)\n",
    "\n",
    "cov_output = sim_df.cov()\n",
    "print(\"Task 5.4 - PSD_input_higham_fix:\\n\", cov_output)"
   ]
  },
  {
   "cell_type": "code",
   "execution_count": 8,
   "id": "15a5430c-e584-459a-93a0-6f1155212be1",
   "metadata": {},
   "outputs": [
    {
     "name": "stdout",
     "output_type": "stream",
     "text": [
      "Task 5.5 - PCA:\n",
      "           x1        x2        x3        x4        x5\n",
      "x1  0.085334  0.117270  0.042381  0.008999  0.003883\n",
      "x2  0.117270  0.161158  0.058243  0.012367  0.005336\n",
      "x3  0.042381  0.058243  0.037369  0.006005  0.002584\n",
      "x4  0.008999  0.012367  0.006005  0.001682  0.000471\n",
      "x5  0.003883  0.005336  0.002584  0.000471  0.000314\n"
     ]
    }
   ],
   "source": [
    "cov_input = pd.read_csv(\"test5_2.csv\")\n",
    "\n",
    "Sigma = cov_input.values\n",
    "Sigma = 0.5 * (Sigma + Sigma.T)\n",
    "n_assets = Sigma.shape[0]\n",
    "mu = np.zeros(n_assets)\n",
    "eigvals, eigvecs = np.linalg.eigh(Sigma)\n",
    "\n",
    "idx = np.argsort(eigvals)[::-1]\n",
    "eigvals = eigvals[idx]\n",
    "eigvecs = eigvecs[:, idx]\n",
    "\n",
    "total = eigvals.sum()\n",
    "explained = eigvals / total\n",
    "cum_explained = np.cumsum(explained)\n",
    "\n",
    "k = int(np.searchsorted(cum_explained, 0.99) + 1)\n",
    "\n",
    "B = eigvecs[:, :k] @ np.diag(np.sqrt(eigvals[:k]))\n",
    "Sigma_pca = B @ B.T\n",
    "\n",
    "resid_diag = np.diag(Sigma - Sigma_pca)\n",
    "resid_diag = np.clip(resid_diag, 0.0, None)\n",
    "D_sqrt = np.diag(np.sqrt(resid_diag))\n",
    "\n",
    "Z = np.random.normal(size=(n_sims, k))\n",
    "E = np.random.normal(size=(n_sims, n_assets))\n",
    "\n",
    "simulated = Z @ B.T + E @ D_sqrt + mu\n",
    "\n",
    "cols = cov_input.columns\n",
    "sim_df = pd.DataFrame(simulated, columns=cols)\n",
    "\n",
    "cov_output = sim_df.cov()\n",
    "print(\"Task 5.5 - PCA:\\n\", cov_output)"
   ]
  }
 ],
 "metadata": {
  "kernelspec": {
   "display_name": "Python 3 (ipykernel)",
   "language": "python",
   "name": "python3"
  },
  "language_info": {
   "codemirror_mode": {
    "name": "ipython",
    "version": 3
   },
   "file_extension": ".py",
   "mimetype": "text/x-python",
   "name": "python",
   "nbconvert_exporter": "python",
   "pygments_lexer": "ipython3",
   "version": "3.13.11"
  }
 },
 "nbformat": 4,
 "nbformat_minor": 5
}
